{
 "cells": [
  {
   "cell_type": "code",
   "execution_count": null,
   "metadata": {},
   "outputs": [],
   "source": [
    "import pandas as pd\n",
    "import numpy as np\n",
    "from keras.models import Sequential\n",
    "from keras.layers import Dense, Dropout\n",
    "import matplotlib.pyplot as plt\n",
    "#import scipy.stats as stats\n",
    "from sklearn.model_selection import train_test_split"
   ]
  },
  {
   "cell_type": "code",
   "execution_count": 2,
   "metadata": {},
   "outputs": [
    {
     "ename": "UnicodeDecodeError",
     "evalue": "'utf-8' codec can't decode byte 0xae in position 0: invalid start byte",
     "output_type": "error",
     "traceback": [
      "\u001b[1;31m---------------------------------------------------------------------------\u001b[0m",
      "\u001b[1;31mUnicodeDecodeError\u001b[0m                        Traceback (most recent call last)",
      "\u001b[1;32mpandas\\_libs\\parsers.pyx\u001b[0m in \u001b[0;36mpandas._libs.parsers.TextReader._convert_tokens\u001b[1;34m()\u001b[0m\n",
      "\u001b[1;32mpandas\\_libs\\parsers.pyx\u001b[0m in \u001b[0;36mpandas._libs.parsers.TextReader._convert_with_dtype\u001b[1;34m()\u001b[0m\n",
      "\u001b[1;32mpandas\\_libs\\parsers.pyx\u001b[0m in \u001b[0;36mpandas._libs.parsers.TextReader._string_convert\u001b[1;34m()\u001b[0m\n",
      "\u001b[1;32mpandas\\_libs\\parsers.pyx\u001b[0m in \u001b[0;36mpandas._libs.parsers._string_box_utf8\u001b[1;34m()\u001b[0m\n",
      "\u001b[1;31mUnicodeDecodeError\u001b[0m: 'utf-8' codec can't decode byte 0xae in position 0: invalid start byte",
      "\nDuring handling of the above exception, another exception occurred:\n",
      "\u001b[1;31mUnicodeDecodeError\u001b[0m                        Traceback (most recent call last)",
      "\u001b[1;32m<ipython-input-2-00eb65967268>\u001b[0m in \u001b[0;36m<module>\u001b[1;34m\u001b[0m\n\u001b[1;32m----> 1\u001b[1;33m \u001b[0ma\u001b[0m\u001b[1;33m=\u001b[0m\u001b[0mpd\u001b[0m\u001b[1;33m.\u001b[0m\u001b[0mread_csv\u001b[0m\u001b[1;33m(\u001b[0m\u001b[1;34mr'201809-201903房貸進件(A)卡_原始檔案.CSV'\u001b[0m\u001b[1;33m,\u001b[0m \u001b[0mindex_col\u001b[0m\u001b[1;33m=\u001b[0m\u001b[1;36m0\u001b[0m\u001b[1;33m)\u001b[0m\u001b[1;33m.\u001b[0m\u001b[0mdrop\u001b[0m\u001b[1;33m(\u001b[0m\u001b[0mindex\u001b[0m\u001b[1;33m=\u001b[0m\u001b[1;34m'案件編號'\u001b[0m\u001b[1;33m)\u001b[0m\u001b[1;33m\u001b[0m\u001b[1;33m\u001b[0m\u001b[0m\n\u001b[0m\u001b[0;32m      2\u001b[0m \u001b[0mb\u001b[0m\u001b[1;33m=\u001b[0m\u001b[0mpd\u001b[0m\u001b[1;33m.\u001b[0m\u001b[0mread_csv\u001b[0m\u001b[1;33m(\u001b[0m\u001b[1;34mr'201904-201906房貸進件(A)卡_原始檔案.csv'\u001b[0m\u001b[1;33m,\u001b[0m \u001b[0mindex_col\u001b[0m\u001b[1;33m=\u001b[0m\u001b[1;36m0\u001b[0m\u001b[1;33m)\u001b[0m\u001b[1;33m.\u001b[0m\u001b[0mdrop\u001b[0m\u001b[1;33m(\u001b[0m\u001b[0mindex\u001b[0m\u001b[1;33m=\u001b[0m\u001b[1;34m'案件編號'\u001b[0m\u001b[1;33m)\u001b[0m\u001b[1;33m\u001b[0m\u001b[1;33m\u001b[0m\u001b[0m\n\u001b[0;32m      3\u001b[0m \u001b[0mc\u001b[0m\u001b[1;33m=\u001b[0m\u001b[0mpd\u001b[0m\u001b[1;33m.\u001b[0m\u001b[0mread_csv\u001b[0m\u001b[1;33m(\u001b[0m\u001b[1;34mr'201907-201909房貸進件(A)卡_原始檔案.csv'\u001b[0m\u001b[1;33m,\u001b[0m \u001b[0mindex_col\u001b[0m\u001b[1;33m=\u001b[0m\u001b[1;36m0\u001b[0m\u001b[1;33m)\u001b[0m\u001b[1;33m.\u001b[0m\u001b[0mdrop\u001b[0m\u001b[1;33m(\u001b[0m\u001b[0mindex\u001b[0m\u001b[1;33m=\u001b[0m\u001b[1;34m'案件編號'\u001b[0m\u001b[1;33m)\u001b[0m\u001b[1;33m\u001b[0m\u001b[1;33m\u001b[0m\u001b[0m\n\u001b[0;32m      4\u001b[0m \u001b[0md\u001b[0m\u001b[1;33m=\u001b[0m\u001b[0mpd\u001b[0m\u001b[1;33m.\u001b[0m\u001b[0mconcat\u001b[0m\u001b[1;33m(\u001b[0m\u001b[1;33m[\u001b[0m\u001b[0ma\u001b[0m\u001b[1;33m,\u001b[0m\u001b[0mb\u001b[0m\u001b[1;33m]\u001b[0m\u001b[1;33m,\u001b[0m\u001b[0maxis\u001b[0m\u001b[1;33m=\u001b[0m\u001b[1;36m0\u001b[0m\u001b[1;33m)\u001b[0m\u001b[1;33m\u001b[0m\u001b[1;33m\u001b[0m\u001b[0m\n\u001b[0;32m      5\u001b[0m \u001b[0md\u001b[0m\u001b[1;33m=\u001b[0m\u001b[0mpd\u001b[0m\u001b[1;33m.\u001b[0m\u001b[0mconcat\u001b[0m\u001b[1;33m(\u001b[0m\u001b[1;33m[\u001b[0m\u001b[0md\u001b[0m\u001b[1;33m,\u001b[0m\u001b[0mc\u001b[0m\u001b[1;33m]\u001b[0m\u001b[1;33m,\u001b[0m\u001b[0maxis\u001b[0m\u001b[1;33m=\u001b[0m\u001b[1;36m0\u001b[0m\u001b[1;33m)\u001b[0m\u001b[1;33m\u001b[0m\u001b[1;33m\u001b[0m\u001b[0m\n",
      "\u001b[1;32m~\\Anaconda3\\lib\\site-packages\\pandas\\io\\parsers.py\u001b[0m in \u001b[0;36mparser_f\u001b[1;34m(filepath_or_buffer, sep, delimiter, header, names, index_col, usecols, squeeze, prefix, mangle_dupe_cols, dtype, engine, converters, true_values, false_values, skipinitialspace, skiprows, skipfooter, nrows, na_values, keep_default_na, na_filter, verbose, skip_blank_lines, parse_dates, infer_datetime_format, keep_date_col, date_parser, dayfirst, cache_dates, iterator, chunksize, compression, thousands, decimal, lineterminator, quotechar, quoting, doublequote, escapechar, comment, encoding, dialect, error_bad_lines, warn_bad_lines, delim_whitespace, low_memory, memory_map, float_precision)\u001b[0m\n\u001b[0;32m    683\u001b[0m         )\n\u001b[0;32m    684\u001b[0m \u001b[1;33m\u001b[0m\u001b[0m\n\u001b[1;32m--> 685\u001b[1;33m         \u001b[1;32mreturn\u001b[0m \u001b[0m_read\u001b[0m\u001b[1;33m(\u001b[0m\u001b[0mfilepath_or_buffer\u001b[0m\u001b[1;33m,\u001b[0m \u001b[0mkwds\u001b[0m\u001b[1;33m)\u001b[0m\u001b[1;33m\u001b[0m\u001b[1;33m\u001b[0m\u001b[0m\n\u001b[0m\u001b[0;32m    686\u001b[0m \u001b[1;33m\u001b[0m\u001b[0m\n\u001b[0;32m    687\u001b[0m     \u001b[0mparser_f\u001b[0m\u001b[1;33m.\u001b[0m\u001b[0m__name__\u001b[0m \u001b[1;33m=\u001b[0m \u001b[0mname\u001b[0m\u001b[1;33m\u001b[0m\u001b[1;33m\u001b[0m\u001b[0m\n",
      "\u001b[1;32m~\\Anaconda3\\lib\\site-packages\\pandas\\io\\parsers.py\u001b[0m in \u001b[0;36m_read\u001b[1;34m(filepath_or_buffer, kwds)\u001b[0m\n\u001b[0;32m    461\u001b[0m \u001b[1;33m\u001b[0m\u001b[0m\n\u001b[0;32m    462\u001b[0m     \u001b[1;32mtry\u001b[0m\u001b[1;33m:\u001b[0m\u001b[1;33m\u001b[0m\u001b[1;33m\u001b[0m\u001b[0m\n\u001b[1;32m--> 463\u001b[1;33m         \u001b[0mdata\u001b[0m \u001b[1;33m=\u001b[0m \u001b[0mparser\u001b[0m\u001b[1;33m.\u001b[0m\u001b[0mread\u001b[0m\u001b[1;33m(\u001b[0m\u001b[0mnrows\u001b[0m\u001b[1;33m)\u001b[0m\u001b[1;33m\u001b[0m\u001b[1;33m\u001b[0m\u001b[0m\n\u001b[0m\u001b[0;32m    464\u001b[0m     \u001b[1;32mfinally\u001b[0m\u001b[1;33m:\u001b[0m\u001b[1;33m\u001b[0m\u001b[1;33m\u001b[0m\u001b[0m\n\u001b[0;32m    465\u001b[0m         \u001b[0mparser\u001b[0m\u001b[1;33m.\u001b[0m\u001b[0mclose\u001b[0m\u001b[1;33m(\u001b[0m\u001b[1;33m)\u001b[0m\u001b[1;33m\u001b[0m\u001b[1;33m\u001b[0m\u001b[0m\n",
      "\u001b[1;32m~\\Anaconda3\\lib\\site-packages\\pandas\\io\\parsers.py\u001b[0m in \u001b[0;36mread\u001b[1;34m(self, nrows)\u001b[0m\n\u001b[0;32m   1152\u001b[0m     \u001b[1;32mdef\u001b[0m \u001b[0mread\u001b[0m\u001b[1;33m(\u001b[0m\u001b[0mself\u001b[0m\u001b[1;33m,\u001b[0m \u001b[0mnrows\u001b[0m\u001b[1;33m=\u001b[0m\u001b[1;32mNone\u001b[0m\u001b[1;33m)\u001b[0m\u001b[1;33m:\u001b[0m\u001b[1;33m\u001b[0m\u001b[1;33m\u001b[0m\u001b[0m\n\u001b[0;32m   1153\u001b[0m         \u001b[0mnrows\u001b[0m \u001b[1;33m=\u001b[0m \u001b[0m_validate_integer\u001b[0m\u001b[1;33m(\u001b[0m\u001b[1;34m\"nrows\"\u001b[0m\u001b[1;33m,\u001b[0m \u001b[0mnrows\u001b[0m\u001b[1;33m)\u001b[0m\u001b[1;33m\u001b[0m\u001b[1;33m\u001b[0m\u001b[0m\n\u001b[1;32m-> 1154\u001b[1;33m         \u001b[0mret\u001b[0m \u001b[1;33m=\u001b[0m \u001b[0mself\u001b[0m\u001b[1;33m.\u001b[0m\u001b[0m_engine\u001b[0m\u001b[1;33m.\u001b[0m\u001b[0mread\u001b[0m\u001b[1;33m(\u001b[0m\u001b[0mnrows\u001b[0m\u001b[1;33m)\u001b[0m\u001b[1;33m\u001b[0m\u001b[1;33m\u001b[0m\u001b[0m\n\u001b[0m\u001b[0;32m   1155\u001b[0m \u001b[1;33m\u001b[0m\u001b[0m\n\u001b[0;32m   1156\u001b[0m         \u001b[1;31m# May alter columns / col_dict\u001b[0m\u001b[1;33m\u001b[0m\u001b[1;33m\u001b[0m\u001b[1;33m\u001b[0m\u001b[0m\n",
      "\u001b[1;32m~\\Anaconda3\\lib\\site-packages\\pandas\\io\\parsers.py\u001b[0m in \u001b[0;36mread\u001b[1;34m(self, nrows)\u001b[0m\n\u001b[0;32m   2057\u001b[0m     \u001b[1;32mdef\u001b[0m \u001b[0mread\u001b[0m\u001b[1;33m(\u001b[0m\u001b[0mself\u001b[0m\u001b[1;33m,\u001b[0m \u001b[0mnrows\u001b[0m\u001b[1;33m=\u001b[0m\u001b[1;32mNone\u001b[0m\u001b[1;33m)\u001b[0m\u001b[1;33m:\u001b[0m\u001b[1;33m\u001b[0m\u001b[1;33m\u001b[0m\u001b[0m\n\u001b[0;32m   2058\u001b[0m         \u001b[1;32mtry\u001b[0m\u001b[1;33m:\u001b[0m\u001b[1;33m\u001b[0m\u001b[1;33m\u001b[0m\u001b[0m\n\u001b[1;32m-> 2059\u001b[1;33m             \u001b[0mdata\u001b[0m \u001b[1;33m=\u001b[0m \u001b[0mself\u001b[0m\u001b[1;33m.\u001b[0m\u001b[0m_reader\u001b[0m\u001b[1;33m.\u001b[0m\u001b[0mread\u001b[0m\u001b[1;33m(\u001b[0m\u001b[0mnrows\u001b[0m\u001b[1;33m)\u001b[0m\u001b[1;33m\u001b[0m\u001b[1;33m\u001b[0m\u001b[0m\n\u001b[0m\u001b[0;32m   2060\u001b[0m         \u001b[1;32mexcept\u001b[0m \u001b[0mStopIteration\u001b[0m\u001b[1;33m:\u001b[0m\u001b[1;33m\u001b[0m\u001b[1;33m\u001b[0m\u001b[0m\n\u001b[0;32m   2061\u001b[0m             \u001b[1;32mif\u001b[0m \u001b[0mself\u001b[0m\u001b[1;33m.\u001b[0m\u001b[0m_first_chunk\u001b[0m\u001b[1;33m:\u001b[0m\u001b[1;33m\u001b[0m\u001b[1;33m\u001b[0m\u001b[0m\n",
      "\u001b[1;32mpandas\\_libs\\parsers.pyx\u001b[0m in \u001b[0;36mpandas._libs.parsers.TextReader.read\u001b[1;34m()\u001b[0m\n",
      "\u001b[1;32mpandas\\_libs\\parsers.pyx\u001b[0m in \u001b[0;36mpandas._libs.parsers.TextReader._read_low_memory\u001b[1;34m()\u001b[0m\n",
      "\u001b[1;32mpandas\\_libs\\parsers.pyx\u001b[0m in \u001b[0;36mpandas._libs.parsers.TextReader._read_rows\u001b[1;34m()\u001b[0m\n",
      "\u001b[1;32mpandas\\_libs\\parsers.pyx\u001b[0m in \u001b[0;36mpandas._libs.parsers.TextReader._convert_column_data\u001b[1;34m()\u001b[0m\n",
      "\u001b[1;32mpandas\\_libs\\parsers.pyx\u001b[0m in \u001b[0;36mpandas._libs.parsers.TextReader._convert_tokens\u001b[1;34m()\u001b[0m\n",
      "\u001b[1;32mpandas\\_libs\\parsers.pyx\u001b[0m in \u001b[0;36mpandas._libs.parsers.TextReader._convert_with_dtype\u001b[1;34m()\u001b[0m\n",
      "\u001b[1;32mpandas\\_libs\\parsers.pyx\u001b[0m in \u001b[0;36mpandas._libs.parsers.TextReader._string_convert\u001b[1;34m()\u001b[0m\n",
      "\u001b[1;32mpandas\\_libs\\parsers.pyx\u001b[0m in \u001b[0;36mpandas._libs.parsers._string_box_utf8\u001b[1;34m()\u001b[0m\n",
      "\u001b[1;31mUnicodeDecodeError\u001b[0m: 'utf-8' codec can't decode byte 0xae in position 0: invalid start byte"
     ]
    }
   ],
   "source": [
    "a=pd.read_csv(r'201809-201903房貸進件(A)卡_原始檔案.CSV', index_col=0).drop(index='案件編號')\n",
    "b=pd.read_csv(r'201904-201906房貸進件(A)卡_原始檔案.csv', index_col=0).drop(index='案件編號')\n",
    "c=pd.read_csv(r'201907-201909房貸進件(A)卡_原始檔案.csv', index_col=0).drop(index='案件編號')\n",
    "d=pd.concat([a,b],axis=0)\n",
    "d=pd.concat([d,c],axis=0)\n",
    "\n",
    "print(d.shape,a.shape,b.shape,c.shape)\n",
    "print(d.dtypes)"
   ]
  },
  {
   "cell_type": "code",
   "execution_count": 198,
   "metadata": {},
   "outputs": [],
   "source": [
    "d['CreateDate']=d['CreateDate'].astype('int32')\n",
    "d['DataDate']=d['DataDate'].astype('int32')\n",
    "d['LoanWay']=d['LoanWay'].astype('int32')\n",
    "\n",
    "d['OValue01']=d['OValue01'].astype('int32')\n",
    "d['OValue02']=d['OValue02'].fillna(0).astype('int32')\n",
    "d['OValue03']=d['OValue03'].astype(str)\n",
    "d['OValue04']=d['OValue04'].astype('float32')\n",
    "d['OValue05']=d['OValue05'].astype('float32').astype('int32')\n",
    "d['OValue06']=d['OValue06'].fillna(0).astype('int32')\n",
    "d['OValue07']=d['OValue07'].astype('int32')\n",
    "d['OValue08']=d['OValue08'].astype('int32')\n",
    "d['OValue09']=d['OValue09'].astype('float32')\n",
    "d['OValue10']=d['OValue10'].astype('float32')\n",
    "\n",
    "d['RawSeq']=d['RawSeq'].astype('int32')\n",
    "d['Score']=d['Score'].astype('float32').astype('int32')\n",
    "d['RankNo']=d['RankNo'].astype('int32')\n",
    "d['PD']=d['PD'].astype('float32')\n",
    "d['Status']=d['Status'].astype('int32')\n",
    "#d['LoanCloseDate']=d['LoanCloseDate'].astype('int32')\n",
    "d['ApplyAmount']=d['ApplyAmount'].astype('float32').astype('int32')\n",
    "d['RejectReason']=d['RejectReason'].fillna(0).astype(str)\n",
    "d['J10Score']=d['J10Score'].fillna(0).astype('int32')\n",
    "#d['AprvNo']=d['AprvNo'].astype('int32')\n",
    "d['EstimateAmount']=d['EstimateAmount'].astype('int32')\n",
    "#print(d.dtypes)"
   ]
  },
  {
   "cell_type": "code",
   "execution_count": 200,
   "metadata": {},
   "outputs": [
    {
     "data": {
      "text/plain": [
       "(1348, 26)"
      ]
     },
     "execution_count": 200,
     "metadata": {},
     "output_type": "execute_result"
    }
   ],
   "source": [
    "d.drop([\"AprvNo\",\"CustNo\"], axis = 1, inplace = True)\n",
    "#d.drop(\"CustNo\", axis = 1, inplace = True)\n",
    "d.shape"
   ]
  },
  {
   "cell_type": "code",
   "execution_count": 163,
   "metadata": {},
   "outputs": [
    {
     "data": {
      "text/html": [
       "<div>\n",
       "<style scoped>\n",
       "    .dataframe tbody tr th:only-of-type {\n",
       "        vertical-align: middle;\n",
       "    }\n",
       "\n",
       "    .dataframe tbody tr th {\n",
       "        vertical-align: top;\n",
       "    }\n",
       "\n",
       "    .dataframe thead th {\n",
       "        text-align: right;\n",
       "    }\n",
       "</style>\n",
       "<table border=\"1\" class=\"dataframe\">\n",
       "  <thead>\n",
       "    <tr style=\"text-align: right;\">\n",
       "      <th></th>\n",
       "      <th>CreateDate</th>\n",
       "      <th>DataDate</th>\n",
       "      <th>LoanWay</th>\n",
       "      <th>OValue01</th>\n",
       "      <th>OValue02</th>\n",
       "      <th>OValue04</th>\n",
       "      <th>OValue05</th>\n",
       "      <th>OValue06</th>\n",
       "      <th>OValue07</th>\n",
       "      <th>OValue08</th>\n",
       "      <th>OValue09</th>\n",
       "      <th>OValue10</th>\n",
       "      <th>RawSeq</th>\n",
       "      <th>Score</th>\n",
       "      <th>RankNo</th>\n",
       "      <th>PD</th>\n",
       "      <th>Status</th>\n",
       "      <th>ApplyAmount</th>\n",
       "      <th>J10Score</th>\n",
       "      <th>EstimateAmount</th>\n",
       "    </tr>\n",
       "  </thead>\n",
       "  <tbody>\n",
       "    <tr>\n",
       "      <th>CreateDate</th>\n",
       "      <td>1.000000</td>\n",
       "      <td>0.964307</td>\n",
       "      <td>0.006682</td>\n",
       "      <td>-0.007714</td>\n",
       "      <td>0.020410</td>\n",
       "      <td>-0.008741</td>\n",
       "      <td>-0.012904</td>\n",
       "      <td>0.007858</td>\n",
       "      <td>-0.067080</td>\n",
       "      <td>-0.032992</td>\n",
       "      <td>-0.042312</td>\n",
       "      <td>-0.012173</td>\n",
       "      <td>0.881153</td>\n",
       "      <td>0.053269</td>\n",
       "      <td>-0.041937</td>\n",
       "      <td>-0.027354</td>\n",
       "      <td>NaN</td>\n",
       "      <td>-0.009327</td>\n",
       "      <td>-0.004939</td>\n",
       "      <td>0.041383</td>\n",
       "    </tr>\n",
       "    <tr>\n",
       "      <th>DataDate</th>\n",
       "      <td>0.964307</td>\n",
       "      <td>1.000000</td>\n",
       "      <td>-0.003693</td>\n",
       "      <td>0.009331</td>\n",
       "      <td>0.014928</td>\n",
       "      <td>-0.008018</td>\n",
       "      <td>-0.001407</td>\n",
       "      <td>-0.000801</td>\n",
       "      <td>-0.062825</td>\n",
       "      <td>-0.038522</td>\n",
       "      <td>-0.032836</td>\n",
       "      <td>-0.003668</td>\n",
       "      <td>0.856141</td>\n",
       "      <td>0.055517</td>\n",
       "      <td>-0.045746</td>\n",
       "      <td>-0.033067</td>\n",
       "      <td>NaN</td>\n",
       "      <td>-0.000156</td>\n",
       "      <td>-0.007764</td>\n",
       "      <td>0.040378</td>\n",
       "    </tr>\n",
       "    <tr>\n",
       "      <th>LoanWay</th>\n",
       "      <td>0.006682</td>\n",
       "      <td>-0.003693</td>\n",
       "      <td>1.000000</td>\n",
       "      <td>-0.083158</td>\n",
       "      <td>0.017311</td>\n",
       "      <td>-0.023343</td>\n",
       "      <td>0.066773</td>\n",
       "      <td>-0.104912</td>\n",
       "      <td>0.162231</td>\n",
       "      <td>0.175204</td>\n",
       "      <td>-0.101217</td>\n",
       "      <td>-0.059402</td>\n",
       "      <td>0.007169</td>\n",
       "      <td>-0.035310</td>\n",
       "      <td>0.037526</td>\n",
       "      <td>0.037793</td>\n",
       "      <td>NaN</td>\n",
       "      <td>-0.356743</td>\n",
       "      <td>0.077751</td>\n",
       "      <td>-0.016917</td>\n",
       "    </tr>\n",
       "    <tr>\n",
       "      <th>OValue01</th>\n",
       "      <td>-0.007714</td>\n",
       "      <td>0.009331</td>\n",
       "      <td>-0.083158</td>\n",
       "      <td>1.000000</td>\n",
       "      <td>0.005319</td>\n",
       "      <td>0.190994</td>\n",
       "      <td>0.211272</td>\n",
       "      <td>0.119798</td>\n",
       "      <td>0.075778</td>\n",
       "      <td>-0.471310</td>\n",
       "      <td>0.171248</td>\n",
       "      <td>0.167864</td>\n",
       "      <td>0.012820</td>\n",
       "      <td>0.590301</td>\n",
       "      <td>-0.584658</td>\n",
       "      <td>-0.280560</td>\n",
       "      <td>NaN</td>\n",
       "      <td>0.181425</td>\n",
       "      <td>0.074828</td>\n",
       "      <td>0.240359</td>\n",
       "    </tr>\n",
       "    <tr>\n",
       "      <th>OValue02</th>\n",
       "      <td>0.020410</td>\n",
       "      <td>0.014928</td>\n",
       "      <td>0.017311</td>\n",
       "      <td>0.005319</td>\n",
       "      <td>1.000000</td>\n",
       "      <td>-0.067484</td>\n",
       "      <td>-0.098746</td>\n",
       "      <td>0.033760</td>\n",
       "      <td>-0.063436</td>\n",
       "      <td>-0.098748</td>\n",
       "      <td>0.062368</td>\n",
       "      <td>0.071872</td>\n",
       "      <td>0.031097</td>\n",
       "      <td>-0.068820</td>\n",
       "      <td>0.063404</td>\n",
       "      <td>0.059906</td>\n",
       "      <td>NaN</td>\n",
       "      <td>0.090866</td>\n",
       "      <td>-0.065730</td>\n",
       "      <td>0.152002</td>\n",
       "    </tr>\n",
       "    <tr>\n",
       "      <th>OValue04</th>\n",
       "      <td>-0.008741</td>\n",
       "      <td>-0.008018</td>\n",
       "      <td>-0.023343</td>\n",
       "      <td>0.190994</td>\n",
       "      <td>-0.067484</td>\n",
       "      <td>1.000000</td>\n",
       "      <td>0.339507</td>\n",
       "      <td>0.042394</td>\n",
       "      <td>0.121237</td>\n",
       "      <td>-0.053618</td>\n",
       "      <td>0.092257</td>\n",
       "      <td>0.065632</td>\n",
       "      <td>-0.027510</td>\n",
       "      <td>0.246130</td>\n",
       "      <td>-0.238804</td>\n",
       "      <td>-0.193462</td>\n",
       "      <td>NaN</td>\n",
       "      <td>0.072387</td>\n",
       "      <td>0.460583</td>\n",
       "      <td>0.095968</td>\n",
       "    </tr>\n",
       "    <tr>\n",
       "      <th>OValue05</th>\n",
       "      <td>-0.012904</td>\n",
       "      <td>-0.001407</td>\n",
       "      <td>0.066773</td>\n",
       "      <td>0.211272</td>\n",
       "      <td>-0.098746</td>\n",
       "      <td>0.339507</td>\n",
       "      <td>1.000000</td>\n",
       "      <td>0.018381</td>\n",
       "      <td>0.110832</td>\n",
       "      <td>0.132894</td>\n",
       "      <td>0.054465</td>\n",
       "      <td>0.272766</td>\n",
       "      <td>-0.016218</td>\n",
       "      <td>0.314295</td>\n",
       "      <td>-0.293881</td>\n",
       "      <td>-0.162805</td>\n",
       "      <td>NaN</td>\n",
       "      <td>0.173098</td>\n",
       "      <td>0.271619</td>\n",
       "      <td>0.311022</td>\n",
       "    </tr>\n",
       "    <tr>\n",
       "      <th>OValue06</th>\n",
       "      <td>0.007858</td>\n",
       "      <td>-0.000801</td>\n",
       "      <td>-0.104912</td>\n",
       "      <td>0.119798</td>\n",
       "      <td>0.033760</td>\n",
       "      <td>0.042394</td>\n",
       "      <td>0.018381</td>\n",
       "      <td>1.000000</td>\n",
       "      <td>0.042791</td>\n",
       "      <td>-0.114106</td>\n",
       "      <td>0.150067</td>\n",
       "      <td>0.041388</td>\n",
       "      <td>0.026318</td>\n",
       "      <td>0.144034</td>\n",
       "      <td>-0.151447</td>\n",
       "      <td>-0.080379</td>\n",
       "      <td>NaN</td>\n",
       "      <td>0.132183</td>\n",
       "      <td>-0.002605</td>\n",
       "      <td>0.058596</td>\n",
       "    </tr>\n",
       "    <tr>\n",
       "      <th>OValue07</th>\n",
       "      <td>-0.067080</td>\n",
       "      <td>-0.062825</td>\n",
       "      <td>0.162231</td>\n",
       "      <td>0.075778</td>\n",
       "      <td>-0.063436</td>\n",
       "      <td>0.121237</td>\n",
       "      <td>0.110832</td>\n",
       "      <td>0.042791</td>\n",
       "      <td>1.000000</td>\n",
       "      <td>0.033125</td>\n",
       "      <td>0.150089</td>\n",
       "      <td>-0.004851</td>\n",
       "      <td>-0.067538</td>\n",
       "      <td>-0.075330</td>\n",
       "      <td>0.072651</td>\n",
       "      <td>0.096737</td>\n",
       "      <td>NaN</td>\n",
       "      <td>-0.080320</td>\n",
       "      <td>0.091323</td>\n",
       "      <td>0.093075</td>\n",
       "    </tr>\n",
       "    <tr>\n",
       "      <th>OValue08</th>\n",
       "      <td>-0.032992</td>\n",
       "      <td>-0.038522</td>\n",
       "      <td>0.175204</td>\n",
       "      <td>-0.471310</td>\n",
       "      <td>-0.098748</td>\n",
       "      <td>-0.053618</td>\n",
       "      <td>0.132894</td>\n",
       "      <td>-0.114106</td>\n",
       "      <td>0.033125</td>\n",
       "      <td>1.000000</td>\n",
       "      <td>-0.186403</td>\n",
       "      <td>0.140446</td>\n",
       "      <td>-0.028331</td>\n",
       "      <td>-0.076930</td>\n",
       "      <td>0.092360</td>\n",
       "      <td>0.045307</td>\n",
       "      <td>NaN</td>\n",
       "      <td>0.015682</td>\n",
       "      <td>0.069842</td>\n",
       "      <td>0.038610</td>\n",
       "    </tr>\n",
       "    <tr>\n",
       "      <th>OValue09</th>\n",
       "      <td>-0.042312</td>\n",
       "      <td>-0.032836</td>\n",
       "      <td>-0.101217</td>\n",
       "      <td>0.171248</td>\n",
       "      <td>0.062368</td>\n",
       "      <td>0.092257</td>\n",
       "      <td>0.054465</td>\n",
       "      <td>0.150067</td>\n",
       "      <td>0.150089</td>\n",
       "      <td>-0.186403</td>\n",
       "      <td>1.000000</td>\n",
       "      <td>-0.168890</td>\n",
       "      <td>-0.032754</td>\n",
       "      <td>-0.165696</td>\n",
       "      <td>0.150778</td>\n",
       "      <td>0.103984</td>\n",
       "      <td>NaN</td>\n",
       "      <td>0.320031</td>\n",
       "      <td>0.039352</td>\n",
       "      <td>0.226920</td>\n",
       "    </tr>\n",
       "    <tr>\n",
       "      <th>OValue10</th>\n",
       "      <td>-0.012173</td>\n",
       "      <td>-0.003668</td>\n",
       "      <td>-0.059402</td>\n",
       "      <td>0.167864</td>\n",
       "      <td>0.071872</td>\n",
       "      <td>0.065632</td>\n",
       "      <td>0.272766</td>\n",
       "      <td>0.041388</td>\n",
       "      <td>-0.004851</td>\n",
       "      <td>0.140446</td>\n",
       "      <td>-0.168890</td>\n",
       "      <td>1.000000</td>\n",
       "      <td>0.018663</td>\n",
       "      <td>0.458187</td>\n",
       "      <td>-0.433473</td>\n",
       "      <td>-0.224674</td>\n",
       "      <td>NaN</td>\n",
       "      <td>0.653109</td>\n",
       "      <td>0.058207</td>\n",
       "      <td>0.459753</td>\n",
       "    </tr>\n",
       "    <tr>\n",
       "      <th>RawSeq</th>\n",
       "      <td>0.881153</td>\n",
       "      <td>0.856141</td>\n",
       "      <td>0.007169</td>\n",
       "      <td>0.012820</td>\n",
       "      <td>0.031097</td>\n",
       "      <td>-0.027510</td>\n",
       "      <td>-0.016218</td>\n",
       "      <td>0.026318</td>\n",
       "      <td>-0.067538</td>\n",
       "      <td>-0.028331</td>\n",
       "      <td>-0.032754</td>\n",
       "      <td>0.018663</td>\n",
       "      <td>1.000000</td>\n",
       "      <td>0.108676</td>\n",
       "      <td>-0.093205</td>\n",
       "      <td>-0.038209</td>\n",
       "      <td>NaN</td>\n",
       "      <td>0.028858</td>\n",
       "      <td>0.024262</td>\n",
       "      <td>0.065245</td>\n",
       "    </tr>\n",
       "    <tr>\n",
       "      <th>Score</th>\n",
       "      <td>0.053269</td>\n",
       "      <td>0.055517</td>\n",
       "      <td>-0.035310</td>\n",
       "      <td>0.590301</td>\n",
       "      <td>-0.068820</td>\n",
       "      <td>0.246130</td>\n",
       "      <td>0.314295</td>\n",
       "      <td>0.144034</td>\n",
       "      <td>-0.075330</td>\n",
       "      <td>-0.076930</td>\n",
       "      <td>-0.165696</td>\n",
       "      <td>0.458187</td>\n",
       "      <td>0.108676</td>\n",
       "      <td>1.000000</td>\n",
       "      <td>-0.971373</td>\n",
       "      <td>-0.565370</td>\n",
       "      <td>NaN</td>\n",
       "      <td>0.257245</td>\n",
       "      <td>0.249604</td>\n",
       "      <td>0.256631</td>\n",
       "    </tr>\n",
       "    <tr>\n",
       "      <th>RankNo</th>\n",
       "      <td>-0.041937</td>\n",
       "      <td>-0.045746</td>\n",
       "      <td>0.037526</td>\n",
       "      <td>-0.584658</td>\n",
       "      <td>0.063404</td>\n",
       "      <td>-0.238804</td>\n",
       "      <td>-0.293881</td>\n",
       "      <td>-0.151447</td>\n",
       "      <td>0.072651</td>\n",
       "      <td>0.092360</td>\n",
       "      <td>0.150778</td>\n",
       "      <td>-0.433473</td>\n",
       "      <td>-0.093205</td>\n",
       "      <td>-0.971373</td>\n",
       "      <td>1.000000</td>\n",
       "      <td>0.565488</td>\n",
       "      <td>NaN</td>\n",
       "      <td>-0.251794</td>\n",
       "      <td>-0.231353</td>\n",
       "      <td>-0.251072</td>\n",
       "    </tr>\n",
       "    <tr>\n",
       "      <th>PD</th>\n",
       "      <td>-0.027354</td>\n",
       "      <td>-0.033067</td>\n",
       "      <td>0.037793</td>\n",
       "      <td>-0.280560</td>\n",
       "      <td>0.059906</td>\n",
       "      <td>-0.193462</td>\n",
       "      <td>-0.162805</td>\n",
       "      <td>-0.080379</td>\n",
       "      <td>0.096737</td>\n",
       "      <td>0.045307</td>\n",
       "      <td>0.103984</td>\n",
       "      <td>-0.224674</td>\n",
       "      <td>-0.038209</td>\n",
       "      <td>-0.565370</td>\n",
       "      <td>0.565488</td>\n",
       "      <td>1.000000</td>\n",
       "      <td>NaN</td>\n",
       "      <td>-0.124355</td>\n",
       "      <td>-0.233931</td>\n",
       "      <td>-0.125248</td>\n",
       "    </tr>\n",
       "    <tr>\n",
       "      <th>Status</th>\n",
       "      <td>NaN</td>\n",
       "      <td>NaN</td>\n",
       "      <td>NaN</td>\n",
       "      <td>NaN</td>\n",
       "      <td>NaN</td>\n",
       "      <td>NaN</td>\n",
       "      <td>NaN</td>\n",
       "      <td>NaN</td>\n",
       "      <td>NaN</td>\n",
       "      <td>NaN</td>\n",
       "      <td>NaN</td>\n",
       "      <td>NaN</td>\n",
       "      <td>NaN</td>\n",
       "      <td>NaN</td>\n",
       "      <td>NaN</td>\n",
       "      <td>NaN</td>\n",
       "      <td>NaN</td>\n",
       "      <td>NaN</td>\n",
       "      <td>NaN</td>\n",
       "      <td>NaN</td>\n",
       "    </tr>\n",
       "    <tr>\n",
       "      <th>ApplyAmount</th>\n",
       "      <td>-0.009327</td>\n",
       "      <td>-0.000156</td>\n",
       "      <td>-0.356743</td>\n",
       "      <td>0.181425</td>\n",
       "      <td>0.090866</td>\n",
       "      <td>0.072387</td>\n",
       "      <td>0.173098</td>\n",
       "      <td>0.132183</td>\n",
       "      <td>-0.080320</td>\n",
       "      <td>0.015682</td>\n",
       "      <td>0.320031</td>\n",
       "      <td>0.653109</td>\n",
       "      <td>0.028858</td>\n",
       "      <td>0.257245</td>\n",
       "      <td>-0.251794</td>\n",
       "      <td>-0.124355</td>\n",
       "      <td>NaN</td>\n",
       "      <td>1.000000</td>\n",
       "      <td>0.034163</td>\n",
       "      <td>0.482710</td>\n",
       "    </tr>\n",
       "    <tr>\n",
       "      <th>J10Score</th>\n",
       "      <td>-0.004939</td>\n",
       "      <td>-0.007764</td>\n",
       "      <td>0.077751</td>\n",
       "      <td>0.074828</td>\n",
       "      <td>-0.065730</td>\n",
       "      <td>0.460583</td>\n",
       "      <td>0.271619</td>\n",
       "      <td>-0.002605</td>\n",
       "      <td>0.091323</td>\n",
       "      <td>0.069842</td>\n",
       "      <td>0.039352</td>\n",
       "      <td>0.058207</td>\n",
       "      <td>0.024262</td>\n",
       "      <td>0.249604</td>\n",
       "      <td>-0.231353</td>\n",
       "      <td>-0.233931</td>\n",
       "      <td>NaN</td>\n",
       "      <td>0.034163</td>\n",
       "      <td>1.000000</td>\n",
       "      <td>0.062851</td>\n",
       "    </tr>\n",
       "    <tr>\n",
       "      <th>EstimateAmount</th>\n",
       "      <td>0.041383</td>\n",
       "      <td>0.040378</td>\n",
       "      <td>-0.016917</td>\n",
       "      <td>0.240359</td>\n",
       "      <td>0.152002</td>\n",
       "      <td>0.095968</td>\n",
       "      <td>0.311022</td>\n",
       "      <td>0.058596</td>\n",
       "      <td>0.093075</td>\n",
       "      <td>0.038610</td>\n",
       "      <td>0.226920</td>\n",
       "      <td>0.459753</td>\n",
       "      <td>0.065245</td>\n",
       "      <td>0.256631</td>\n",
       "      <td>-0.251072</td>\n",
       "      <td>-0.125248</td>\n",
       "      <td>NaN</td>\n",
       "      <td>0.482710</td>\n",
       "      <td>0.062851</td>\n",
       "      <td>1.000000</td>\n",
       "    </tr>\n",
       "  </tbody>\n",
       "</table>\n",
       "</div>"
      ],
      "text/plain": [
       "                CreateDate  DataDate   LoanWay  OValue01  OValue02  OValue04  \\\n",
       "CreateDate        1.000000  0.964307  0.006682 -0.007714  0.020410 -0.008741   \n",
       "DataDate          0.964307  1.000000 -0.003693  0.009331  0.014928 -0.008018   \n",
       "LoanWay           0.006682 -0.003693  1.000000 -0.083158  0.017311 -0.023343   \n",
       "OValue01         -0.007714  0.009331 -0.083158  1.000000  0.005319  0.190994   \n",
       "OValue02          0.020410  0.014928  0.017311  0.005319  1.000000 -0.067484   \n",
       "OValue04         -0.008741 -0.008018 -0.023343  0.190994 -0.067484  1.000000   \n",
       "OValue05         -0.012904 -0.001407  0.066773  0.211272 -0.098746  0.339507   \n",
       "OValue06          0.007858 -0.000801 -0.104912  0.119798  0.033760  0.042394   \n",
       "OValue07         -0.067080 -0.062825  0.162231  0.075778 -0.063436  0.121237   \n",
       "OValue08         -0.032992 -0.038522  0.175204 -0.471310 -0.098748 -0.053618   \n",
       "OValue09         -0.042312 -0.032836 -0.101217  0.171248  0.062368  0.092257   \n",
       "OValue10         -0.012173 -0.003668 -0.059402  0.167864  0.071872  0.065632   \n",
       "RawSeq            0.881153  0.856141  0.007169  0.012820  0.031097 -0.027510   \n",
       "Score             0.053269  0.055517 -0.035310  0.590301 -0.068820  0.246130   \n",
       "RankNo           -0.041937 -0.045746  0.037526 -0.584658  0.063404 -0.238804   \n",
       "PD               -0.027354 -0.033067  0.037793 -0.280560  0.059906 -0.193462   \n",
       "Status                 NaN       NaN       NaN       NaN       NaN       NaN   \n",
       "ApplyAmount      -0.009327 -0.000156 -0.356743  0.181425  0.090866  0.072387   \n",
       "J10Score         -0.004939 -0.007764  0.077751  0.074828 -0.065730  0.460583   \n",
       "EstimateAmount    0.041383  0.040378 -0.016917  0.240359  0.152002  0.095968   \n",
       "\n",
       "                OValue05  OValue06  OValue07  OValue08  OValue09  OValue10  \\\n",
       "CreateDate     -0.012904  0.007858 -0.067080 -0.032992 -0.042312 -0.012173   \n",
       "DataDate       -0.001407 -0.000801 -0.062825 -0.038522 -0.032836 -0.003668   \n",
       "LoanWay         0.066773 -0.104912  0.162231  0.175204 -0.101217 -0.059402   \n",
       "OValue01        0.211272  0.119798  0.075778 -0.471310  0.171248  0.167864   \n",
       "OValue02       -0.098746  0.033760 -0.063436 -0.098748  0.062368  0.071872   \n",
       "OValue04        0.339507  0.042394  0.121237 -0.053618  0.092257  0.065632   \n",
       "OValue05        1.000000  0.018381  0.110832  0.132894  0.054465  0.272766   \n",
       "OValue06        0.018381  1.000000  0.042791 -0.114106  0.150067  0.041388   \n",
       "OValue07        0.110832  0.042791  1.000000  0.033125  0.150089 -0.004851   \n",
       "OValue08        0.132894 -0.114106  0.033125  1.000000 -0.186403  0.140446   \n",
       "OValue09        0.054465  0.150067  0.150089 -0.186403  1.000000 -0.168890   \n",
       "OValue10        0.272766  0.041388 -0.004851  0.140446 -0.168890  1.000000   \n",
       "RawSeq         -0.016218  0.026318 -0.067538 -0.028331 -0.032754  0.018663   \n",
       "Score           0.314295  0.144034 -0.075330 -0.076930 -0.165696  0.458187   \n",
       "RankNo         -0.293881 -0.151447  0.072651  0.092360  0.150778 -0.433473   \n",
       "PD             -0.162805 -0.080379  0.096737  0.045307  0.103984 -0.224674   \n",
       "Status               NaN       NaN       NaN       NaN       NaN       NaN   \n",
       "ApplyAmount     0.173098  0.132183 -0.080320  0.015682  0.320031  0.653109   \n",
       "J10Score        0.271619 -0.002605  0.091323  0.069842  0.039352  0.058207   \n",
       "EstimateAmount  0.311022  0.058596  0.093075  0.038610  0.226920  0.459753   \n",
       "\n",
       "                  RawSeq     Score    RankNo        PD  Status  ApplyAmount  \\\n",
       "CreateDate      0.881153  0.053269 -0.041937 -0.027354     NaN    -0.009327   \n",
       "DataDate        0.856141  0.055517 -0.045746 -0.033067     NaN    -0.000156   \n",
       "LoanWay         0.007169 -0.035310  0.037526  0.037793     NaN    -0.356743   \n",
       "OValue01        0.012820  0.590301 -0.584658 -0.280560     NaN     0.181425   \n",
       "OValue02        0.031097 -0.068820  0.063404  0.059906     NaN     0.090866   \n",
       "OValue04       -0.027510  0.246130 -0.238804 -0.193462     NaN     0.072387   \n",
       "OValue05       -0.016218  0.314295 -0.293881 -0.162805     NaN     0.173098   \n",
       "OValue06        0.026318  0.144034 -0.151447 -0.080379     NaN     0.132183   \n",
       "OValue07       -0.067538 -0.075330  0.072651  0.096737     NaN    -0.080320   \n",
       "OValue08       -0.028331 -0.076930  0.092360  0.045307     NaN     0.015682   \n",
       "OValue09       -0.032754 -0.165696  0.150778  0.103984     NaN     0.320031   \n",
       "OValue10        0.018663  0.458187 -0.433473 -0.224674     NaN     0.653109   \n",
       "RawSeq          1.000000  0.108676 -0.093205 -0.038209     NaN     0.028858   \n",
       "Score           0.108676  1.000000 -0.971373 -0.565370     NaN     0.257245   \n",
       "RankNo         -0.093205 -0.971373  1.000000  0.565488     NaN    -0.251794   \n",
       "PD             -0.038209 -0.565370  0.565488  1.000000     NaN    -0.124355   \n",
       "Status               NaN       NaN       NaN       NaN     NaN          NaN   \n",
       "ApplyAmount     0.028858  0.257245 -0.251794 -0.124355     NaN     1.000000   \n",
       "J10Score        0.024262  0.249604 -0.231353 -0.233931     NaN     0.034163   \n",
       "EstimateAmount  0.065245  0.256631 -0.251072 -0.125248     NaN     0.482710   \n",
       "\n",
       "                J10Score  EstimateAmount  \n",
       "CreateDate     -0.004939        0.041383  \n",
       "DataDate       -0.007764        0.040378  \n",
       "LoanWay         0.077751       -0.016917  \n",
       "OValue01        0.074828        0.240359  \n",
       "OValue02       -0.065730        0.152002  \n",
       "OValue04        0.460583        0.095968  \n",
       "OValue05        0.271619        0.311022  \n",
       "OValue06       -0.002605        0.058596  \n",
       "OValue07        0.091323        0.093075  \n",
       "OValue08        0.069842        0.038610  \n",
       "OValue09        0.039352        0.226920  \n",
       "OValue10        0.058207        0.459753  \n",
       "RawSeq          0.024262        0.065245  \n",
       "Score           0.249604        0.256631  \n",
       "RankNo         -0.231353       -0.251072  \n",
       "PD             -0.233931       -0.125248  \n",
       "Status               NaN             NaN  \n",
       "ApplyAmount     0.034163        0.482710  \n",
       "J10Score        1.000000        0.062851  \n",
       "EstimateAmount  0.062851        1.000000  "
      ]
     },
     "execution_count": 163,
     "metadata": {},
     "output_type": "execute_result"
    }
   ],
   "source": [
    "corrmat =d.corr()\n",
    "corrmat"
   ]
  },
  {
   "cell_type": "code",
   "execution_count": null,
   "metadata": {},
   "outputs": [],
   "source": [
    "#sns.heatmap(d[cols].corr(),cmap='RdPu',annot=True,square=True,fmt='.2f',annot_kws={'size':10},yticklabels=cols.values,xticklabels=cols.values)"
   ]
  },
  {
   "cell_type": "code",
   "execution_count": 209,
   "metadata": {},
   "outputs": [
    {
     "name": "stdout",
     "output_type": "stream",
     "text": [
      "(1348, 26) (1348, 376)\n"
     ]
    }
   ],
   "source": [
    "y_train= np.log(d['PD'].values+1)\n",
    "y_train\n",
    "train_df=pd.get_dummies(d)\n",
    "print(d.shape,train_df.shape)"
   ]
  },
  {
   "cell_type": "code",
   "execution_count": 210,
   "metadata": {},
   "outputs": [],
   "source": [
    "X_train, X_test, y_train, y_test = train_test_split(train_df, y_train, test_size=0.33, random_state=1)"
   ]
  },
  {
   "cell_type": "code",
   "execution_count": 171,
   "metadata": {},
   "outputs": [],
   "source": [
    "def create_model():\n",
    "    # create model\n",
    "    model = Sequential()\n",
    "    model.add(Dense(512, input_dim=X_train.shape[1], activation='relu'))\n",
    "    #model.add(Dropout(0.9))\n",
    "    model.add(Dense(512, activation='relu'))\n",
    "    #model.add(Dropout(0.9))\n",
    "    #model.add(Dense(384, activation='relu'))\n",
    "    \n",
    "    model.add(Dense(1))\n",
    "    # Compile model\n",
    "    model.compile(optimizer ='adam', loss = 'mean_squared_error', \n",
    "              metrics=['mean_absolute_error'])\n",
    "    return model"
   ]
  },
  {
   "cell_type": "code",
   "execution_count": 172,
   "metadata": {},
   "outputs": [
    {
     "name": "stdout",
     "output_type": "stream",
     "text": [
      "Model: \"sequential_5\"\n",
      "_________________________________________________________________\n",
      "Layer (type)                 Output Shape              Param #   \n",
      "=================================================================\n",
      "dense_4 (Dense)              (None, 512)               14848     \n",
      "_________________________________________________________________\n",
      "dense_5 (Dense)              (None, 512)               262656    \n",
      "_________________________________________________________________\n",
